0,539
0,538
0,537
0,404
35,14
0,319
0,315
0,314
0,313
0,312
0,308
0,306
0,304
34,8
0,302
0,471
0,470
0,469
0,468
0,467
0,466
90,38
90,37
0,465
0,464
0,463
0,462
0,461
33,96
33,68
33,67
33,66
33,65
33,64
0,459
0,456
90,36
90,35
69,5
69,3
0,534
34,5
35,5
34,3
35,13
35,3
14,5
33,7
33,6
33,4
33,183
33,102
33,98
33,103
33,97
33,5
33,3
14,6
3,2
3,1
3,3
10,103
10,170
10,136
10,14
10,253
10,120
10,2
11,9
11,13
11,28
11,5
9,5
8,9
8,17
8,18
8,10
35,7
35,6
35,1
34,7
34,6
34,1
33,383
33,382
33,381
33,380
33,379
33,378
33,377
33,376
33,375
33,374
33,373
33,372
33,371
33,370
33,369
33,368
33,367
33,366
33,365
33,364
33,363
33,362
33,361
33,360
33,359
33,358
33,357
33,356
33,355
33,354
33,353
33,352
33,351
33,350
33,349
33,348
33,347
33,346
33,345
33,344
33,343
33,342
33,341
33,340
33,339
33,338
33,337
33,336
33,335
33,334
33,333
33,332
33,331
33,330
33,329
33,328
33,327
33,326
33,325
33,324
33,323
33,322
33,321
33,320
33,1
33,256
33,235
33,234
33,233
33,232
33,231
33,230
33,229
33,228
33,227
33,226
33,225
33,224
33,223
33,222
33,221
33,220
33,219
33,218
33,217
20,3
20,2
20,1
19,3
19,2
19,1
18,1
12,3
18,3
12,2
12,1
11,23
11,16
14,1
11,10
11,7
14,7
11,6
14,3
11,1
